0,1,2
3,4
5,6,5
7,8,9,7,8,10,11,12,13,14,15,12,14,13,12,11
16,8
9,13,11
12,13
17,16,13
18,13
15,12
19,20
9,21,22,23,15,12,24,13,14,16
25,26,27,28,23,29,22,21,7
14,13,12,7
30,13,14
31,12,24,13,14,16
32,33
19,20
17,9
9,8
13,14,15,11,9,34,30,11,7,8
9,13,12,13,17,34,30,8,35
36,37,38
17,9,7,35,17,11,10,8,35,15,12,15,24,14,13
39,7,18
10,35
17,15,9,40
9,16,24,10,30,9,17,13,31,10,8,41,40
0,42,43
20,19
44,45,46
47,48
49,50
19,20
51,52
52,33,32,53
37,36,37
51,19
54,55
56,57,42,0,1,58,59,60
61,61
62,63,55,54
61,61
5,6
61,61
0,43,1,3,64,60,65,58
68,69,66,67
66,67
55,55,54,63,62,54
70,5
64,71
65,42,43,58,72
26,29,28,23,22,27
73,74,73,74,73,74,73,74,73,74,73,74,73,74,73,74,73
5,70
65,4,75,76,76,59,60,77,78
58,1
65,42,58,60,3,64,71,79,78
5,6
80,43,0,43,1,4,3,59,58
81,82,83,35,84,23,29,28
85,65,4,3,58,59,60,68,79,71,76,58,43
0,43,42
56,57,60
38,80,86,87,65,88
0,88,3,75,76
89,90
34,91,82
2,68
92,93
94,95,96
86,94
88,65,85,43,58,59,60,79
96,95,94,86
97,98
63,62,99,100,101
102,101
65,85,1,58,59,60,79,43
72,94,87,96
103,104
58,1,88
95,94,86,96,87
41,105
30,34
87,72
97,32,98
106,36
99,62,63,55,54,100,103,104
107,108
109,6
110,110
111,111
65,95,96
55,101
75,112,59,64,85,68,71,65,1
72,76,79,112,3,4,108,59,64,88,42
96,87
1,88
96,87
5,113
70,113
5,113
71,3
114,114
0,43,42
94,95,86,60
85,37
115,116,117
90,118
95,57,56
119,120,121,122
87,68,60,59
114,114,114,114
2,42
31,13
45,46,45
113,5,113
65,85
111,123,111,123,111
127,128,129,130,131,132
124,125
126,84
127,81
133,134
5,5,6,113
25,135
41,124,127,131
56,57,76,64,3,85,65,88,1,0
136,137
2,72,88
5,113
2,108,65
119,122,138
139,140
123,111,111,111,141
3,112,4,58,59
142,143
57,87
116,115
4,127,128,129,127,18,139,127,17,13,24
144,145
5,146
147,148,149
125,105
150,135,25,150,143
123,111
151,152
92,48,93
13,16
53,53
130,153
139,140,18
19,147,154
147,19,154
5,113,146
160,96
51,155,156
144,157
144,157
152,158,159
149,19,154,147
92,48,93
50,49
99,100
123,111
152,158
161,136
162,163,164,165,166
155,167
170,32
23,168,169,81,11,144
28,29,22
125,168
127,129,127,129,127,129,127,129,127,129,139,127,129,127,129,127,140,127,13,127
146,113
90,171
178,178
52,51
172,165,166,173,174,172,174,162,175,163,172,174,174,176,177
44,44,32
174,164
179,179,180,179
181,181
58,68
174,162,174,162,174
181,182,162,183,181,184,185,181,177,186,181,181,175,162,187
188,189
143,190,191,150
151,134,20,151
199,200,199,200,199,200
192,184
192,184
193,194,193
195,196
114,114
21,26,27,22,23,28,29
21,26,27,22,23,28,29
64,71,79,76,75,59,58
197,36
156,155,155,198
187,38
201,201
178,118
202,203
132,26,28,23,29,82,18
174,204,174,205,206,207,208,204
116,115
209,32,209
174,187,174,162,174
111,141,111,210,111,111,111,111,141
96,87,160
163,174
44,44,46,45
158,152,211
144,212
213,214
215,136,215,136
224,210
39,127,139,25,127,140,139,127,91
216,191,216,217
19,154,147
47,48,47,48,93
162,163
162,218
219,220,219
221,221
65,222,223,224,223
225,225,225,226,225
181,228,229,230,231,164,181,187,181
172,174,218,162,163,172
169,7,169,169
187,174
153,153,125,124,144,153,83,144,227
111,141,111
239,239,239,239
232,233,233,233,232,233
258,258
120,121,121
247,37,106
36,106
234,210,210
235,187,50,236,50,237
193,194
238,238,238
90,138
56,57,56
118,167,121,120
236,50,245,172,49,246
240,241,242,240,243,241,242,244,240,241,243,242
249,249
254,143,150
248,219
160,160,87
169,250,169
216,216,190,216
251,251,251
252,252,253,252
32,158,210
175,237
259,260,259,260,260
252,252,252
172,245,176,255,174
174,176,255,174
187,184,182,236
256,256
193,118
257,89
189,188,189,189,188,189,188,188,189
261,262
210,257
156,178
176,205
127,40,178
234,234
252,253,252,270,252,270,252,270
148,149
263,264,265,264,264,263,263,264,264
266,266
197,197
83,144
109,167
170,158
193,118,267
162,176,255,271,187,272
200,200,200,199,200,268
238,269,238,238,238
153,30,17
102,273
159,152,158,152
159,161,152
74,73
274,274,274,274,234,274
148,275,248,275
276,276,277,276,276,276
10,126
210,224
264,263
233,232,233
216,191,40,40
43,58,1,0,88,42,59,4
189,188,189
98,195
278,155
47,92
196,170
288,288,288,288
203,202,202,203,202,203,203,203,202,202
279,280,279,280
281,282,281,281,281
25,144
105,250,41,14,24,13,12,15
283,284,285,286,285,283
162,287
201,201,201,201
275,133
252,253
174,289,174,162
290,219,220,219
291,292
53,45,170
293,294
295,296,293,294
214,213,214,213,299,214,213,214,299,299,214,213
184,185,231
297,298,209,297
237,165,166,300,301,163,184,180
246,180
32,158,302
111,123
234,274,234
267,267
303,303,303,303,303,303
304,161
225,225
212,227,212,144,212
279,280
305,196
306,133
110,110
224,40
177,308,186,309
307,102
263,263,265
60,59,68,58,75
252,253
139,128,127
305,305
37,313,314,313,37
170,211,53,302
53,209
4,58,59
174,179,218,179,179,218,179,180
200,310,310,310
311,311,312,311,312
195,32,195
127,128,126
337,117
128,127,35
252,252,270
315,315,315
256,316,317
318,319
320,320,320,320,320
321,322
103,104
222,223,2,1,0,58,60,223,78
144,153
281,323,281
233,233,233,232,233
225,226,225
158,152
297,297
162,184,324,301,162,325,162,162,325,163,204
162,163,204
326,326,326,327,326
342,342
122,328,119
136,136,136
90,171,328
167,196
329,330,331,330
335,335,307,336,335
172,174,172,287,174,162,174,172,162,173
216,125,31,13,216,190,216,190,332
276,276,277,276,277,277,276,276,277,276
333,334
110,118
254,254,254,130,128,127,129,131
350,350
198,167
155,196,40
117,115,337
21,27,26,29
221,338,221,221,338
339,339
163,289
340,210
340,50,236,49,246,255,340
201,201,201,201,201
238,238,269,238,238,142,269,238,269,238,269
197,197
24,31,14,13,341
14,15,341
267,356,267
32,292,343,297
116,117,344,115,345,346,337,347,348
88,57
162,163,162,204
93,48
101,293,294,101,195,98,33,32,292
32,349
351,351
352,336,211,336
40,126,341,81
50,236
275,353,275,275,353,275,275,353,134,275,275
97,354,355,97,307,304,354
23,157
23,28,29,157
107,108
109,278,357
108,107
111,123,111
189,358,189
358,258
267,267,267,267,267,356,267,267,267
163,359,360,237,308,177,163
57,118
196,155
115,344,117,361,347
286,285,283,284,285,286,285,285,286,286,285
314,313,38,313
200,199,310,199
158,304,304
291,291
260,259,259,259,260,362,259
40,133
32,33,98
205,162
40,224
103,104
227,212,81
363,363,364,364
264,264,264,265,264,263,264,264,263
87,160
169,169
242,243,241,240,365,244,242,243,241,240,365
217,216
35,40
366,133
4,112,3,75,59,60
133,133
366,367
305,305
174,174
224,156
310,268,310,310,310,310
202,203
163,183,359,192
359,163
352,336
292,293
133,53,53
320,320
364,368,369,369,368,369,364,364,368,368
203,202,202,203,202
370,370,370,370
375,376,171,375,376
222,1
162,177,186,308,181,228,272,184,181,173,235
212,82,212
333,334,333,334,334
205,371,289,162,163,359,183,192,360,237,175,174,166,300,165
215,215
133,367
293,295,355
372,373,372,372,373,372,373,372,373,372,373,372,373,372,373,372
40,142
336,352
188,189
220,219
370,345,346,115,117,344,348,361,347,337,116
45,99
196,167,138
162,183,360,237,175,359,192,166,300,164
313,313,313
374,374
330,283,330,329,330,331,330,329
170,256
341,40,31,10,18,35,23
82,212,82
312,311,350,312,311,350,312,311,350,312,311,350
210,155,343
216,191
195,343
377,377,377
366,155
319,318
326,188
351,351,351,351
50,237,184,237,236,163
198,155,118,156,156,156
120,122,119
234,234,234
226,226
196,167
378,322,321,322,321,339
160,96
323,281,281,323,281,323,281
379,379
314,38,313,313,38,313,313,313
145,144,135,135
244,242,243,241,240,365,244,242,243,241,240,365,244,242
233,233,232,233,233,233
380,163,381
133,133,133
317,316
382,382
162,325,162,162,162,218
245,172,228
291,196
386,386,387,386,387,386
343,292,343,343,343,343,343
170,170,335
290,343
209,137
73,74
367,134,133,367,133
133,366,367,366,133,367
383,118
384,384,384,384
385,385,302,209,385
216,216,142,217
224,224
366,133,133,367,366,133
118,392
278,196,209,148
388,156
199,200,200
298,297,297,298,297,298
274,274,274,274
10,11
391,391,306
196,170
357,340,231,230,156
334,333
221,338,221,338,221,338,221,338,221,338,338
392,118
162,163,162,389,162,390
215,215,215
201,326,327
345,344
152,292,152
133,133,367,306,198
395,395,395,167,40,83,34
101,393,292,33,32,393,102,393
336,211
226,226
224,109
115,346,345,348
337,345,346,347,348,361
394,394
144,227,39,250,11,9,10
348,361,344,115
14,8
270,270,253,270,270
366,151,366,151
35,13
168,8,10
172,272,173,308,186,172,245,162,163,204
383,357,210,383
396,220,220,396,220
310,310,310,310
107,107
377,377,377
292,159,161
125,145
336,352
193,194,193,194,193,118,210
100,209
196,210
135,25,40
266,266
397,397,397,397
282,374
65,85,1,42,43,60,68
109,5,398,113,146
163,359,360,183,237,67
399,399
196,156
318,319,319
400,401,37
76,78,222,60,58,223,77
262,407
402,402,402
97,307,97,355,304,355,97,102,297,354,355,97,209,304,354,307
56,57
211,343
403,404,403,403,403,405,403
56,57
404,403,184,403,403
78,57
118,30
162,208
268,200
260,260,259,259,57
286,286
226,225
189,406,118,387,118,406,189,188,189
296,292,295,296,296,295,155
343,343,343
110,110,110
259,259
224,224
371,174
47,47
297,408
193,193
133,367
125,144,153,168
328,89
330,330,331
162,205,162
253,196
409,410
256,256
93,92
306,306
288,288
303,303
403,404,403,403,404,403
174,371,289,205,371,184,289
202,203,202,203,203,202,203,202
178,257
411,411,411
379,379
127,129,35,129,127,126,127,129
375,376,375,376
174,371,371
230,231,229,272,181,184,181,300,166
372,372,373,372
385,385
384,384
403,404,403,404,403,405,403,405,404,404
402,402
397,397
382,382,382
178,155,198,155
40,89
248,290
284,283
207,166,289,207,187,187,187
153,39
403,403
43,58,0,261
11,168
279,280,279
380,380,163,380
390,172,204,162,390,390
198,155,40
315,315
118,155
111,111,141,111,123,111,123,111,141,123,111
149,148
278,196
416,417,416,416
63,62,152
412,412,412
184,185,182
109,257
5,398,146,113
11,431,431,431
338,221,338,338,338,338,221,338,221,221,338
133,220,220,220,133,366
212,212,125,8,144,227,212,82
212,82
411,411,411
84,142,216,332,216
142,332,216
380,163,380
399,399
256,102
216,191,216
232,233,233,233,233,233
257,210
323,281,323,281,323,413,323,281
247,40,139,140,84,142,332,216,40,247
110,110,110
343,414,385
410,409
59,58
352,336
40,40
133,134,133,133,133,149,292
220,220,396,220,149
415,415
418,394,394,418,394,418,418,394,394
419,266
374,413,374,374
179,180,179
420,420
354,343,292,343
421,421,421,421,421
422,422,422
224,224
47,47
273,298,297,273,297,273
139,140,128,129,127,127,91,18,91,131
423,402,423,402,402,423,402,423,402
133,367
378,321,322,339,378,322,378,321,322,378
340,118
127,127,128,127
40,224,118
215,155
379,379,379
60,3
424,425
316,317
259,362,259,260
303,303
426,280,426,279,426
427,428,427,428,427,428,427,427
309,237
45,46
248,443
133,133,155
118,257
429,430
162,207
46,45
368,369,364,369,368,369,368,364,368,369,369
371,371,229
319,318
338,338
432,432,432,432,432
408,118
250,18,18
320,433,320,433,433,320,320,433,320,433,433
381,66,69
301,434,435,436
292,102
262,419
262,419
255,166,301,324,208
262,407
181,434,229,164,230,231,389,301,324,436
37,106
310,310,268,200,310,310,310,200,268,310
3,107
103,103,103,104,103
162,206,289,289,162,289,162,287,289
422,422,422,422
260,259
402,402
401,400
170,161
262,407,419
162,325,162,437,162,309,438,325,69
99,100,354,155,224
407,419,261
158,349
39,157
24,39,157,145
117,344,347,361,116
196,109
315,315,315
439,247,407,262,224,210,439
328,328,171
278,278,443,444
322,321
222,223
282,374
279,280
430,429
327,326
232,233
365,244,243,242
438,255,301,436,440,435,434,389,441,184,442,174
378,322,378,321
124,8,23
82,40
400,261,407,419,261,313,314
286,286
309,172,204,165,300,166,204,192,359,163,208,287,289,436,162
238,269,238,238,238,238
363,364
118,383
445,445,331,445,331,331,445,329,445,329
282,323,281,281
47,47
391,391
162,390,440,301,434,172,435,436,437,390,162,390
14,16,144
314,73
177,308
412,412
406,224
120,121,372,373,372,373,372,373,372,373,372,373
147,154,147
437,440
426,426,426
155,446
287,289,235,205,436,204,289,371,162
69,182,184,185
162,442,441,229,434,389,440,436,435,437,162
375,376,375,376
342,342
403,184
290,98
403,403,403,403,184,403
351,351,351,351,351
307,295,293,294
293,294
447,447
447,447
172,441,442,173,184,172,438,172,162,172
181,182,184,185,181
144,212
415,415,415
388,388
448,448
110,110,110,110
233,232,233
156,392
317,316,316
156,392
431,431,431
299,214,213,213,299,214,213,299,214,213,299,213
449,449,449,449,449
379,379
333,414,414,414,211,333,414
451,451,451
424,425
450,450,450
234,234
122,119
358,258,258,358
40,408
236,246,237,163,438,246,237
452,452,452,452,452,452
427,428,427,428,427
115,344,345,346
238,238
349,349,349
118,193
373,372
339,378,322,378
338,338,221,221,338,338,338
203,202,203,202,202
453,453,453,453,453,453
399,399
5,5
446,444
156,156,210,210
284,284
391,391,391,391
350,312,312,312,350,312,350,350,312,350
385,446,385
307,335,335
169,139,125,169,250,169,130
217,216
309,289,437,206,371,437,441,437
280,280
22,23
324,301,454,235,454,442,454,163,454,255,454
138,138
49,118,118
400,401
384,387
389,434,441,184,442,301,436,440,207,435
136,136
162,162
65,3,65,112,64,75,85
109,247
220,396,396
233,232
155,155,155
155,167
340,118
256,159
421,455,421,455,421,455,455,421,455
343,291
456,456,456,456,456
319,318,319
364,363
196,137,137,137,155,408
368,369,364,368,369,368,364,369,368
456,456
249,181,162,249,181
417,417
212,212
327,327
457,457
448,448,448
66,69
80,80,80,65,3,80,80,80,80
255,187
391,155,178
260,260,260,259,362,260,362,260,260
391,446,391
207,371
174,301
69,380,380,380,381
354,152
301,324,206,255,181,249
127,127,128,127,34,129,127,18,127,25,131,132,127
97,97,307,354,307,446,97,307,354
127,132,127
273,297,298,273,298,273,297,209,297
425,424,425
386,387,387
130,127
391,391
458,271
394,418,394,418,394,418,394,418,394,394
42,85,43,0
459,459,105,35
155,196
37,106
163,289
37,106
292,101
162,177
439,247,439,420,420,420
5,398,113,146
182,438,434,389,301,205,436,440,435
340,184,245,163,182,235,360,255,182,437
340,210
383,118
342,342
429,430,429,430,429,429,430,430,429,429,430,430
37,106,37
458,271,458,458
356,356,356
213,214
272,228,381
189,188,189,189,188,189,189
380,228
111,210,111
65,401
303,303
352,336
258,358,358,258
70,146
101,102,393,393
351,351
24,125
238,269,238,238
457,457
192,359,206
107,108
163,208
3,112,59,1,0
239,239,239
121,120,122
413,323,413,282
439,109
109,196,443
343,414
419,261
70,398,6,5,146
405,403,404,403
122,376,121
392,357
296,296
403,404
25,24,125,145
51,52,352
67,340,196,196,118,340,380,163
210,210,156
40,278
321,322
406,257
357,357
203,203,202
413,282,374
417,417
431,431
144,125,18,91,144
443,391,391
223,2,223,78,77,78
246,236,246
447,447
69,66
402,423,402
447,447,447
150,143
23,18
408,155
186,174,404,405
246,231
155,211
137,302
155,167
443,444
193,194,193
158,294
363,364
456,456
362,362
460,460
351,351
90,90,171
388,156,388,388
251,251,251
457,457
325,164,187,287,187
243,241,240,365,244,243,244,242,243,241,240,365
265,277,277,276,265,276,276,277,277
178,257
414,414
272,67,69
162,390,162
299,213,214,299,299,214,213
216,217
451,451
289,162,162,184
230,371,184
386,386
408,155,137,302,137
184,185
209,53
113,70,6,6,5,398
321,322
461,461,461,461,461
202,203,202
338,338,338
362,259
127,83,127,127
5,146,113,398,5
169,169
162,206,162,184,162
257,210
308,249
391,444
406,408
459,105,124,82
111,111,111
143,254,150
155,196,40,8,40,391
136,52
271,230
310,310
273,20,137
155,167
374,374
420,420
247,392
459,84,341,459,140,139,131,459,41
460,460,460,460,460
410,409,410,409,410,409,410
358,258,358
395,395,395,395
40,167
271,230,163
182,360
391,155,196,40,127,132,8,40,196,155,391
57,56
317,256
286,283
304,307,97,307,97,98,307,98,354,307,136,136,354,355
233,233
90,89
248,290
302,209,297
462,462,42,462,462,68,3,462,77
444,196
401,400
428,427
162,245,162,174,163
162,163
278,357
396,220
416,416,416
280,279,280,279,280,279,279,280
415,415,415,415,415,417,415,415
96,96,160,96
127,127,128,130,127,128,18,127,128
263,263
457,457
134,133
380,381
270,252
414,414,414
47,47
458,458,458,458,458,458,458,458
353,275,353
133,133
447,447
424,425,424,425
60,77
18,341
450,450,167,257
216,190,216,332
